{'name': 'two_view_pipeline', 'extractor': {'name': 'gluefactory_nonfree.superpoint', 'max_num_keypoints': 2048, 'force_num_keypoints': True, 'detection_threshold': 0.0, 'nms_radius': 3, 'trainable': False}, 'ground_truth': {'name': 'matchers.depth_matcher', 'th_positive': 3, 'th_negative': 5, 'th_epi': 5}, 'matcher': {'name': 'matchers.lightglue', 'filter_threshold': 0.1, 'flash': False, 'checkpointed': True}, 'allow_no_extract': True}
root and info /vol/bitbucket/tp4618/SuperGlueThesis/external/glue-factory/data/syntheticForestData fileLists
fileListDir: /homes/tp4618/Documents/bitbucket/SuperGlueThesis/external/glue-factory/data/syntheticForestData/fileLists
fileListDir: /homes/tp4618/Documents/bitbucket/SuperGlueThesis/external/glue-factory/data/syntheticForestData/fileLists
LENGTH ASSERTION: Scene: SFW_E_L_P001, image_data: 0, depth_data: 847, flow_data: 846, poses: 847
fileListDir: /homes/tp4618/Documents/bitbucket/SuperGlueThesis/external/glue-factory/data/syntheticForestData/fileLists
fileListDir: /homes/tp4618/Documents/bitbucket/SuperGlueThesis/external/glue-factory/data/syntheticForestData/fileLists
fileListDir: /homes/tp4618/Documents/bitbucket/SuperGlueThesis/external/glue-factory/data/syntheticForestData/fileLists
LENGTH ASSERTION: Scene: SFW_E_L_P006, image_data: 0, depth_data: 330, flow_data: 329, poses: 330
fileListDir: /homes/tp4618/Documents/bitbucket/SuperGlueThesis/external/glue-factory/data/syntheticForestData/fileLists
fileListDir: /homes/tp4618/Documents/bitbucket/SuperGlueThesis/external/glue-factory/data/syntheticForestData/fileLists
fileListDir: /homes/tp4618/Documents/bitbucket/SuperGlueThesis/external/glue-factory/data/syntheticForestData/fileLists
LENGTH ASSERTION: Scene: SFW_E_R_P000, image_data: 0, depth_data: 2329, flow_data: 2328, poses: 2329
fileListDir: /homes/tp4618/Documents/bitbucket/SuperGlueThesis/external/glue-factory/data/syntheticForestData/fileLists
fileListDir: /homes/tp4618/Documents/bitbucket/SuperGlueThesis/external/glue-factory/data/syntheticForestData/fileLists
fileListDir: /homes/tp4618/Documents/bitbucket/SuperGlueThesis/external/glue-factory/data/syntheticForestData/fileLists
fileListDir: /homes/tp4618/Documents/bitbucket/SuperGlueThesis/external/glue-factory/data/syntheticForestData/fileLists
fileListDir: /homes/tp4618/Documents/bitbucket/SuperGlueThesis/external/glue-factory/data/syntheticForestData/fileLists
fileListDir: /homes/tp4618/Documents/bitbucket/SuperGlueThesis/external/glue-factory/data/syntheticForestData/fileLists
LENGTH ASSERTION: Scene: SFW_E_R_P007, image_data: 0, depth_data: 1190, flow_data: 1189, poses: 1190
fileListDir: /homes/tp4618/Documents/bitbucket/SuperGlueThesis/external/glue-factory/data/syntheticForestData/fileLists
fileListDir: /homes/tp4618/Documents/bitbucket/SuperGlueThesis/external/glue-factory/data/syntheticForestData/fileLists
fileListDir: /homes/tp4618/Documents/bitbucket/SuperGlueThesis/external/glue-factory/data/syntheticForestData/fileLists
fileListDir: /homes/tp4618/Documents/bitbucket/SuperGlueThesis/external/glue-factory/data/syntheticForestData/fileLists
fileListDir: /homes/tp4618/Documents/bitbucket/SuperGlueThesis/external/glue-factory/data/syntheticForestData/fileLists
LENGTH ASSERTION: Scene: SFW_H_L_P012, image_data: 0, depth_data: 687, flow_data: 686, poses: 687
fileListDir: /homes/tp4618/Documents/bitbucket/SuperGlueThesis/external/glue-factory/data/syntheticForestData/fileLists
fileListDir: /homes/tp4618/Documents/bitbucket/SuperGlueThesis/external/glue-factory/data/syntheticForestData/fileLists
fileListDir: /homes/tp4618/Documents/bitbucket/SuperGlueThesis/external/glue-factory/data/syntheticForestData/fileLists
LENGTH ASSERTION: Scene: SFW_H_L_P015, image_data: 0, depth_data: 400, flow_data: 399, poses: 400
fileListDir: /homes/tp4618/Documents/bitbucket/SuperGlueThesis/external/glue-factory/data/syntheticForestData/fileLists
fileListDir: /homes/tp4618/Documents/bitbucket/SuperGlueThesis/external/glue-factory/data/syntheticForestData/fileLists
LENGTH ASSERTION: Scene: SFW_H_L_P018, image_data: 0, depth_data: 734, flow_data: 733, poses: 734
fileListDir: /homes/tp4618/Documents/bitbucket/SuperGlueThesis/external/glue-factory/data/syntheticForestData/fileLists
fileListDir: /homes/tp4618/Documents/bitbucket/SuperGlueThesis/external/glue-factory/data/syntheticForestData/fileLists
fileListDir: /homes/tp4618/Documents/bitbucket/SuperGlueThesis/external/glue-factory/data/syntheticForestData/fileLists
fileListDir: /homes/tp4618/Documents/bitbucket/SuperGlueThesis/external/glue-factory/data/syntheticForestData/fileLists
LENGTH ASSERTION: Scene: SFW_H_R_P013, image_data: 0, depth_data: 529, flow_data: 528, poses: 529
fileListDir: /homes/tp4618/Documents/bitbucket/SuperGlueThesis/external/glue-factory/data/syntheticForestData/fileLists
fileListDir: /homes/tp4618/Documents/bitbucket/SuperGlueThesis/external/glue-factory/data/syntheticForestData/fileLists
fileListDir: /homes/tp4618/Documents/bitbucket/SuperGlueThesis/external/glue-factory/data/syntheticForestData/fileLists
fileListDir: /homes/tp4618/Documents/bitbucket/SuperGlueThesis/external/glue-factory/data/syntheticForestData/fileLists
fileListDir: /homes/tp4618/Documents/bitbucket/SuperGlueThesis/external/glue-factory/data/syntheticForestData/fileLists
fileListDir: /homes/tp4618/Documents/bitbucket/SuperGlueThesis/external/glue-factory/data/syntheticForestData/fileLists
fileListDir: /homes/tp4618/Documents/bitbucket/SuperGlueThesis/external/glue-factory/data/syntheticForestData/fileLists
fileListDir: /homes/tp4618/Documents/bitbucket/SuperGlueThesis/external/glue-factory/data/syntheticForestData/fileLists
fileListDir: /homes/tp4618/Documents/bitbucket/SuperGlueThesis/external/glue-factory/data/syntheticForestData/fileLists
fileListDir: /homes/tp4618/Documents/bitbucket/SuperGlueThesis/external/glue-factory/data/syntheticForestData/fileLists
fileListDir: /homes/tp4618/Documents/bitbucket/SuperGlueThesis/external/glue-factory/data/syntheticForestData/fileLists
fileListDir: /homes/tp4618/Documents/bitbucket/SuperGlueThesis/external/glue-factory/data/syntheticForestData/fileLists
fileListDir: /homes/tp4618/Documents/bitbucket/SuperGlueThesis/external/glue-factory/data/syntheticForestData/fileLists
fileListDir: /homes/tp4618/Documents/bitbucket/SuperGlueThesis/external/glue-factory/data/syntheticForestData/fileLists
fileListDir: /homes/tp4618/Documents/bitbucket/SuperGlueThesis/external/glue-factory/data/syntheticForestData/fileLists
fileListDir: /homes/tp4618/Documents/bitbucket/SuperGlueThesis/external/glue-factory/data/syntheticForestData/fileLists
LENGTH ASSERTION: Scene: SF_H_R_P006, image_data: 0, depth_data: 300, flow_data: 299, poses: 300
fileListDir: /homes/tp4618/Documents/bitbucket/SuperGlueThesis/external/glue-factory/data/syntheticForestData//fileLists
did not load overlap matrix for scene: SFW_E_L_P000
depth_paths.shape: (2329,)
poses.shape: (2329, 4, 4)
intrinsics.shape: (4658, 3, 3)

depth_paths: ['depthData/SFW_E_L_P000/000000_left_depth.npy'
 'depthData/SFW_E_L_P000/000001_left_depth.npy'
 'depthData/SFW_E_L_P000/000002_left_depth.npy' ...
 'depthData/SFW_E_L_P000/002326_left_depth.npy'
 'depthData/SFW_E_L_P000/002327_left_depth.npy'
 'depthData/SFW_E_L_P000/002328_left_depth.npy']
poses: [[[-7.53328596e-01  6.57644301e-01  0.00000000e+00  1.86386890e+01]
  [-6.57644301e-01 -7.53328596e-01  0.00000000e+00  1.40494499e+01]
  [ 0.00000000e+00  0.00000000e+00  1.00000000e+00  9.07383382e-01]
  [ 0.00000000e+00  0.00000000e+00  0.00000000e+00  1.00000000e+00]]

 [[-7.55561874e-01  6.55076187e-01 -1.20110294e-03  1.85503712e+01]
  [-6.55077233e-01 -7.55559786e-01  1.79676355e-03  1.39741745e+01]
  [ 2.69511938e-04  2.14438122e-03  9.99997664e-01  8.24409783e-01]
  [ 0.00000000e+00  0.00000000e+00  0.00000000e+00  1.00000000e+00]]

 [[-7.57685588e-01  6.52616107e-01 -2.18319985e-03  1.84658909e+01]
  [-6.52619383e-01 -7.57677322e-01  3.60789807e-03  1.39022322e+01]
  [ 7.00411377e-04  4.15845091e-03  9.99991108e-01  7.46629000e-01]
  [ 0.00000000e+00  0.00000000e+00  0.00000000e+00  1.00000000e+00]]

 ...

 [[ 4.59690027e-01 -7.91180578e-01  4.03383654e-01  1.88403454e+01]
  [ 7.68906334e-01  5.81857984e-01  2.64998746e-01  1.37506428e+01]
  [-4.44373861e-01  1.88346966e-01  8.75818070e-01  8.24545860e-01]
  [ 0.00000000e+00  0.00000000e+00  0.00000000e+00  1.00000000e+00]]

 [[ 4.67390153e-01 -7.86792896e-01  4.03117084e-01  1.88238049e+01]
  [ 7.62173204e-01  5.89661648e-01  2.67191219e-01  1.38511763e+01]
  [-4.47926837e-01  1.82362495e-01  8.75274511e-01  8.70781243e-01]
  [ 0.00000000e+00  0.00000000e+00  0.00000000e+00  1.00000000e+00]]

 [[ 4.76713472e-01 -7.81651606e-01  4.02200239e-01  1.88186035e+01]
  [ 7.54068706e-01  5.98773362e-01  2.69908962e-01  1.38804379e+01]
  [-4.51801562e-01  1.74617375e-01  8.74862344e-01  8.85555983e-01]
  [ 0.00000000e+00  0.00000000e+00  0.00000000e+00  1.00000000e+00]]]
intrinsics: [[[320.   0. 320.]
  [  0. 320. 240.]
  [  0.   0.   1.]]

 [[320.   0. 320.]
  [  0. 320. 240.]
  [  0.   0.   1.]]

 [[320.   0. 320.]
  [  0. 320. 240.]
  [  0.   0.   1.]]

 ...

 [[320.   0. 320.]
  [  0. 320. 240.]
  [  0.   0.   1.]]

 [[320.   0. 320.]
  [  0. 320. 240.]
  [  0.   0.   1.]]

 [[320.   0. 320.]
  [  0. 320. 240.]
  [  0.   0.   1.]]]
loading depth data in calc overlap for pair
inputs to project points are: depth: [[1.0232000e+04 1.0240000e+04 1.0256000e+04 ... 1.0272000e+04
  1.0256000e+04 1.0240000e+04]
 [1.0240000e+04 1.0248000e+04 1.0264000e+04 ... 1.0280000e+04
  1.0264000e+04 1.0248000e+04]
 [1.0248000e+04 1.0256000e+04 1.0272000e+04 ... 1.0288000e+04
  1.0272000e+04 1.0256000e+04]
 ...
 [2.6601562e+00 2.5097656e+00 2.5136719e+00 ... 2.4433594e+00
  2.4414062e+00 2.4414062e+00]
 [2.6601562e+00 2.5078125e+00 2.5136719e+00 ... 2.4316406e+00
  2.4316406e+00 2.4296875e+00]
 [2.6621094e+00 2.5078125e+00 2.5117188e+00 ... 2.4199219e+00
  2.4199219e+00 2.4199219e+00]], intrinsics: [[320.   0. 320.]
 [  0. 320. 240.]
 [  0.   0.   1.]], pose : [[ 9.99994175e-01 -3.40254846e-03  2.69511938e-04 -1.16018468e-01]
 [ 3.40196282e-03  9.99991914e-01  2.14438122e-03  1.15778022e-03]
 [-2.76806120e-04 -2.14345186e-03  9.99997664e-01  8.30025789e-02]
 [ 0.00000000e+00  0.00000000e+00  0.00000000e+00  1.00000000e+00]]
Valid Points Count: 306375 / 307200
loading depth data in calc overlap for pair
inputs to project points are: depth: [[1.0232000e+04 1.0240000e+04 1.0256000e+04 ... 1.0272000e+04
  1.0256000e+04 1.0240000e+04]
 [1.0240000e+04 1.0248000e+04 1.0264000e+04 ... 1.0280000e+04
  1.0264000e+04 1.0248000e+04]
 [1.0248000e+04 1.0256000e+04 1.0272000e+04 ... 1.0288000e+04
  1.0272000e+04 1.0256000e+04]
 ...
 [2.6601562e+00 2.5097656e+00 2.5136719e+00 ... 2.4433594e+00
  2.4414062e+00 2.4414062e+00]
 [2.6601562e+00 2.5078125e+00 2.5136719e+00 ... 2.4316406e+00
  2.4316406e+00 2.4296875e+00]
 [2.6621094e+00 2.5078125e+00 2.5117188e+00 ... 2.4199219e+00
  2.4199219e+00 2.4199219e+00]], intrinsics: [[320.   0. 320.]
 [  0. 320. 240.]
 [  0.   0.   1.]], pose : [[ 9.99977638e-01 -6.65076523e-03  7.00411377e-04 -2.26891236e-01]
 [ 6.64779679e-03  9.99969257e-01  4.15845091e-03  1.89579868e-03]
 [-7.28046725e-04 -4.15370172e-03  9.99991108e-01  1.60906847e-01]
 [ 0.00000000e+00  0.00000000e+00  0.00000000e+00  1.00000000e+00]]
Valid Points Count: 305656 / 307200
loading depth data in calc overlap for pair
inputs to project points are: depth: [[1.0232000e+04 1.0240000e+04 1.0256000e+04 ... 1.0272000e+04
  1.0256000e+04 1.0240000e+04]
 [1.0240000e+04 1.0248000e+04 1.0264000e+04 ... 1.0280000e+04
  1.0264000e+04 1.0248000e+04]
 [1.0248000e+04 1.0256000e+04 1.0272000e+04 ... 1.0288000e+04
  1.0272000e+04 1.0256000e+04]
 ...
 [2.6601562e+00 2.5097656e+00 2.5136719e+00 ... 2.4433594e+00
  2.4414062e+00 2.4414062e+00]
 [2.6601562e+00 2.5078125e+00 2.5136719e+00 ... 2.4316406e+00
  2.4316406e+00 2.4296875e+00]
 [2.6621094e+00 2.5078125e+00 2.5117188e+00 ... 2.4199219e+00
  2.4199219e+00 2.4199219e+00]], intrinsics: [[320.   0. 320.]
 [  0. 320. 240.]
 [  0.   0.   1.]], pose : [[ 0.99995145 -0.00977248  0.0012634  -0.33300664]
 [ 0.00976464  0.99993393  0.00606602  0.00227154]
 [-0.0013226  -0.00605339  0.9999808   0.2331067 ]
 [ 0.          0.          0.          1.        ]]
Valid Points Count: 304897 / 307200
loading depth data in calc overlap for pair
inputs to project points are: depth: [[1.0232000e+04 1.0240000e+04 1.0256000e+04 ... 1.0272000e+04
  1.0256000e+04 1.0240000e+04]
 [1.0240000e+04 1.0248000e+04 1.0264000e+04 ... 1.0280000e+04
  1.0264000e+04 1.0248000e+04]
 [1.0248000e+04 1.0256000e+04 1.0272000e+04 ... 1.0288000e+04
  1.0272000e+04 1.0256000e+04]
 ...
 [2.6601562e+00 2.5097656e+00 2.5136719e+00 ... 2.4433594e+00
  2.4414062e+00 2.4414062e+00]
 [2.6601562e+00 2.5078125e+00 2.5136719e+00 ... 2.4316406e+00
  2.4316406e+00 2.4296875e+00]
 [2.6621094e+00 2.5078125e+00 2.5117188e+00 ... 2.4199219e+00
  2.4199219e+00 2.4199219e+00]], intrinsics: [[320.   0. 320.]
 [  0. 320. 240.]
 [  0.   0.   1.]], pose : [[ 0.99991628 -0.01279469  0.00192973 -0.43449746]
 [ 0.01277909  0.99988721  0.00789068  0.00232447]
 [-0.00203047 -0.00786536  0.99996701  0.29931933]
 [ 0.          0.          0.          1.        ]]
Valid Points Count: 304157 / 307200
loading depth data in calc overlap for pair
inputs to project points are: depth: [[1.0232000e+04 1.0240000e+04 1.0256000e+04 ... 1.0272000e+04
  1.0256000e+04 1.0240000e+04]
 [1.0240000e+04 1.0248000e+04 1.0264000e+04 ... 1.0280000e+04
  1.0264000e+04 1.0248000e+04]
 [1.0248000e+04 1.0256000e+04 1.0272000e+04 ... 1.0288000e+04
  1.0272000e+04 1.0256000e+04]
 ...
 [2.6601562e+00 2.5097656e+00 2.5136719e+00 ... 2.4433594e+00
  2.4414062e+00 2.4414062e+00]
 [2.6601562e+00 2.5078125e+00 2.5136719e+00 ... 2.4316406e+00
  2.4316406e+00 2.4296875e+00]
 [2.6621094e+00 2.5078125e+00 2.5117188e+00 ... 2.4199219e+00
  2.4199219e+00 2.4199219e+00]], intrinsics: [[320.   0. 320.]
 [  0. 320. 240.]
 [  0.   0.   1.]], pose : [[ 0.99987247 -0.01574538  0.00267008 -0.53126852]
 [ 0.01571892  0.99982983  0.00965587  0.00206258]
 [-0.00282166 -0.00961267  0.99994982  0.35960875]
 [ 0.          0.          0.          1.        ]]
Valid Points Count: 303381 / 307200
loading depth data in calc overlap for pair
inputs to project points are: depth: [[1.0232000e+04 1.0240000e+04 1.0256000e+04 ... 1.0272000e+04
  1.0256000e+04 1.0240000e+04]
 [1.0240000e+04 1.0248000e+04 1.0264000e+04 ... 1.0280000e+04
  1.0264000e+04 1.0248000e+04]
 [1.0248000e+04 1.0256000e+04 1.0272000e+04 ... 1.0288000e+04
  1.0272000e+04 1.0256000e+04]
 ...
 [2.6601562e+00 2.5097656e+00 2.5136719e+00 ... 2.4433594e+00
  2.4414062e+00 2.4414062e+00]
 [2.6601562e+00 2.5078125e+00 2.5136719e+00 ... 2.4316406e+00
  2.4316406e+00 2.4296875e+00]
 [2.6621094e+00 2.5078125e+00 2.5117188e+00 ... 2.4199219e+00
  2.4199219e+00 2.4199219e+00]], intrinsics: [[320.   0. 320.]
 [  0. 320. 240.]
 [  0.   0.   1.]], pose : [[ 0.99982007 -0.01865192  0.00345571 -0.62373453]
 [ 0.01861148  0.99976197  0.01138483  0.00152077]
 [-0.00366724 -0.01131847  0.99992922  0.41314757]
 [ 0.          0.          0.          1.        ]]
Valid Points Count: 302625 / 307200
loading depth data in calc overlap for pair
inputs to project points are: depth: [[1.0232000e+04 1.0240000e+04 1.0256000e+04 ... 1.0272000e+04
  1.0256000e+04 1.0240000e+04]
 [1.0240000e+04 1.0248000e+04 1.0264000e+04 ... 1.0280000e+04
  1.0264000e+04 1.0248000e+04]
 [1.0248000e+04 1.0256000e+04 1.0272000e+04 ... 1.0288000e+04
  1.0272000e+04 1.0256000e+04]
 ...
 [2.6601562e+00 2.5097656e+00 2.5136719e+00 ... 2.4433594e+00
  2.4414062e+00 2.4414062e+00]
 [2.6601562e+00 2.5078125e+00 2.5136719e+00 ... 2.4316406e+00
  2.4316406e+00 2.4296875e+00]
 [2.6621094e+00 2.5078125e+00 2.5117188e+00 ... 2.4199219e+00
  2.4199219e+00 2.4199219e+00]], intrinsics: [[320.   0. 320.]
 [  0. 320. 240.]
 [  0.   0.   1.]], pose : [[ 9.99758897e-01 -2.15415047e-02  4.25571888e-03 -7.11681399e-01]
 [ 2.14841106e-02  9.99683352e-01  1.31007094e-02  6.95647870e-04]
 [-4.53658031e-03 -1.30061204e-02  9.99905126e-01  4.59970574e-01]
 [ 0.00000000e+00  0.00000000e+00  0.00000000e+00  1.00000000e+00]]
Valid Points Count: 301783 / 307200
loading depth data in calc overlap for pair
inputs to project points are: depth: [[1.0232000e+04 1.0240000e+04 1.0256000e+04 ... 1.0272000e+04
  1.0256000e+04 1.0240000e+04]
 [1.0240000e+04 1.0248000e+04 1.0264000e+04 ... 1.0280000e+04
  1.0264000e+04 1.0248000e+04]
 [1.0248000e+04 1.0256000e+04 1.0272000e+04 ... 1.0288000e+04
  1.0272000e+04 1.0256000e+04]
 ...
 [2.6601562e+00 2.5097656e+00 2.5136719e+00 ... 2.4433594e+00
  2.4414062e+00 2.4414062e+00]
 [2.6601562e+00 2.5078125e+00 2.5136719e+00 ... 2.4316406e+00
  2.4316406e+00 2.4296875e+00]
 [2.6621094e+00 2.5078125e+00 2.5117188e+00 ... 2.4199219e+00
  2.4199219e+00 2.4199219e+00]], intrinsics: [[320.   0. 320.]
 [  0. 320. 240.]
 [  0.   0.   1.]], pose : [[ 9.99688560e-01 -2.44412097e-02  5.04080977e-03 -7.94116136e-01]
 [ 2.43641174e-02  9.99593200e-01  1.48264899e-02 -4.55414188e-04]
 [-5.40113652e-03 -1.46990574e-02  9.99877375e-01  5.01866059e-01]
 [ 0.00000000e+00  0.00000000e+00  0.00000000e+00  1.00000000e+00]]
Valid Points Count: 301078 / 307200
loading depth data in calc overlap for pair
inputs to project points are: depth: [[1.0232000e+04 1.0240000e+04 1.0256000e+04 ... 1.0272000e+04
  1.0256000e+04 1.0240000e+04]
 [1.0240000e+04 1.0248000e+04 1.0264000e+04 ... 1.0280000e+04
  1.0264000e+04 1.0248000e+04]
 [1.0248000e+04 1.0256000e+04 1.0272000e+04 ... 1.0288000e+04
  1.0272000e+04 1.0256000e+04]
 ...
 [2.6601562e+00 2.5097656e+00 2.5136719e+00 ... 2.4433594e+00
  2.4414062e+00 2.4414062e+00]
 [2.6601562e+00 2.5078125e+00 2.5136719e+00 ... 2.4316406e+00
  2.4316406e+00 2.4296875e+00]
 [2.6621094e+00 2.5078125e+00 2.5117188e+00 ... 2.4199219e+00
  2.4199219e+00 2.4199219e+00]], intrinsics: [[320.   0. 320.]
 [  0. 320. 240.]
 [  0.   0.   1.]], pose : [[ 0.99960842 -0.02737866  0.00578116 -0.87210832]
 [ 0.0272795   0.99949025  0.01658504 -0.00188185]
 [-0.00623229 -0.01642084  0.99984575  0.53635323]
 [ 0.          0.          0.          1.        ]]
Valid Points Count: 300185 / 307200
loading depth data in calc overlap for pair
inputs to project points are: depth: [[1.0232000e+04 1.0240000e+04 1.0256000e+04 ... 1.0272000e+04
  1.0256000e+04 1.0240000e+04]
 [1.0240000e+04 1.0248000e+04 1.0264000e+04 ... 1.0280000e+04
  1.0264000e+04 1.0248000e+04]
 [1.0248000e+04 1.0256000e+04 1.0272000e+04 ... 1.0288000e+04
  1.0272000e+04 1.0256000e+04]
 ...
 [2.6601562e+00 2.5097656e+00 2.5136719e+00 ... 2.4433594e+00
  2.4414062e+00 2.4414062e+00]
 [2.6601562e+00 2.5078125e+00 2.5136719e+00 ... 2.4316406e+00
  2.4316406e+00 2.4296875e+00]
 [2.6621094e+00 2.5078125e+00 2.5117188e+00 ... 2.4199219e+00
  2.4199219e+00 2.4199219e+00]], intrinsics: [[320.   0. 320.]
 [  0. 320. 240.]
 [  0.   0.   1.]], pose : [[ 0.99951764 -0.03038006  0.00644534 -0.94398407]
 [ 0.03025701  0.9993728   0.01839906 -0.00365102]
 [-0.00700026 -0.01819517  0.99980995  0.5668323 ]
 [ 0.          0.          0.          1.        ]]
Valid Points Count: 299425 / 307200
loading depth data in calc overlap for pair
inputs to project points are: depth: [[1.0232000e+04 1.0240000e+04 1.0256000e+04 ... 1.0272000e+04
  1.0256000e+04 1.0240000e+04]
 [1.0240000e+04 1.0248000e+04 1.0264000e+04 ... 1.0280000e+04
  1.0264000e+04 1.0248000e+04]
 [1.0248000e+04 1.0256000e+04 1.0272000e+04 ... 1.0288000e+04
  1.0272000e+04 1.0256000e+04]
 ...
 [2.6601562e+00 2.5097656e+00 2.5136719e+00 ... 2.4433594e+00
  2.4414062e+00 2.4414062e+00]
 [2.6601562e+00 2.5078125e+00 2.5136719e+00 ... 2.4316406e+00
  2.4316406e+00 2.4296875e+00]
 [2.6621094e+00 2.5078125e+00 2.5117188e+00 ... 2.4199219e+00
  2.4199219e+00 2.4199219e+00]], intrinsics: [[320.   0. 320.]
 [  0. 320. 240.]
 [  0.   0.   1.]], pose : [[ 0.99941508 -0.03347298  0.00700352 -1.01066134]
 [ 0.03332488  0.99923857  0.02029114 -0.00572845]
 [-0.0076774  -0.02004588  0.99976958  0.59096154]
 [ 0.          0.          0.          1.        ]]
Valid Points Count: 298540 / 307200
loading depth data in calc overlap for pair
inputs to project points are: depth: [[1.0232000e+04 1.0240000e+04 1.0256000e+04 ... 1.0272000e+04
  1.0256000e+04 1.0240000e+04]
 [1.0240000e+04 1.0248000e+04 1.0264000e+04 ... 1.0280000e+04
  1.0264000e+04 1.0248000e+04]
 [1.0248000e+04 1.0256000e+04 1.0272000e+04 ... 1.0288000e+04
  1.0272000e+04 1.0256000e+04]
 ...
 [2.6601562e+00 2.5097656e+00 2.5136719e+00 ... 2.4433594e+00
  2.4414062e+00 2.4414062e+00]
 [2.6601562e+00 2.5078125e+00 2.5136719e+00 ... 2.4316406e+00
  2.4316406e+00 2.4296875e+00]
 [2.6621094e+00 2.5078125e+00 2.5117188e+00 ... 2.4199219e+00
  2.4199219e+00 2.4199219e+00]], intrinsics: [[320.   0. 320.]
 [  0. 320. 240.]
 [  0.   0.   1.]], pose : [[ 0.99929931 -0.03668455  0.00742482 -1.07060161]
 [ 0.0365111   0.99908477  0.02228363 -0.0081631 ]
 [-0.00823549 -0.02199693  0.99972412  0.61271339]
 [ 0.          0.          0.          1.        ]]
Valid Points Count: 297795 / 307200
loading depth data in calc overlap for pair
inputs to project points are: depth: [[1.0232000e+04 1.0240000e+04 1.0256000e+04 ... 1.0272000e+04
  1.0256000e+04 1.0240000e+04]
 [1.0240000e+04 1.0248000e+04 1.0264000e+04 ... 1.0280000e+04
  1.0264000e+04 1.0248000e+04]
 [1.0248000e+04 1.0256000e+04 1.0272000e+04 ... 1.0288000e+04
  1.0272000e+04 1.0256000e+04]
 ...
 [2.6601562e+00 2.5097656e+00 2.5136719e+00 ... 2.4433594e+00
  2.4414062e+00 2.4414062e+00]
 [2.6601562e+00 2.5078125e+00 2.5136719e+00 ... 2.4316406e+00
  2.4316406e+00 2.4296875e+00]
 [2.6621094e+00 2.5078125e+00 2.5117188e+00 ... 2.4199219e+00
  2.4199219e+00 2.4199219e+00]], intrinsics: [[320.   0. 320.]
 [  0. 320. 240.]
 [  0.   0.   1.]], pose : [[ 0.99916854 -0.04004094  0.00767782 -1.12510234]
 [ 0.03984302  0.99890802  0.0243987  -0.01091392]
 [-0.00864638 -0.0240725   0.99967282  0.62784657]
 [ 0.          0.          0.          1.        ]]
Valid Points Count: 297060 / 307200
loading depth data in calc overlap for pair
inputs to project points are: depth: [[1.0232000e+04 1.0240000e+04 1.0256000e+04 ... 1.0272000e+04
  1.0256000e+04 1.0240000e+04]
 [1.0240000e+04 1.0248000e+04 1.0264000e+04 ... 1.0280000e+04
  1.0264000e+04 1.0248000e+04]
 [1.0248000e+04 1.0256000e+04 1.0272000e+04 ... 1.0288000e+04
  1.0272000e+04 1.0256000e+04]
 ...
 [2.6601562e+00 2.5097656e+00 2.5136719e+00 ... 2.4433594e+00
  2.4414062e+00 2.4414062e+00]
 [2.6601562e+00 2.5078125e+00 2.5136719e+00 ... 2.4316406e+00
  2.4316406e+00 2.4296875e+00]
 [2.6621094e+00 2.5078125e+00 2.5117188e+00 ... 2.4199219e+00
  2.4199219e+00 2.4199219e+00]], intrinsics: [[320.   0. 320.]
 [  0. 320. 240.]
 [  0.   0.   1.]], pose : [[ 0.99902055 -0.04356811  0.00773108 -1.17281822]
 [ 0.04334802  0.9987043   0.02665822 -0.01401441]
 [-0.00888251 -0.02629698  0.99961471  0.64081495]
 [ 0.          0.          0.          1.        ]]
Valid Points Count: 296347 / 307200
loading depth data in calc overlap for pair
inputs to project points are: depth: [[1.0232000e+04 1.0240000e+04 1.0256000e+04 ... 1.0272000e+04
  1.0256000e+04 1.0240000e+04]
 [1.0240000e+04 1.0248000e+04 1.0264000e+04 ... 1.0280000e+04
  1.0264000e+04 1.0248000e+04]
 [1.0248000e+04 1.0256000e+04 1.0272000e+04 ... 1.0288000e+04
  1.0272000e+04 1.0256000e+04]
 ...
 [2.6601562e+00 2.5097656e+00 2.5136719e+00 ... 2.4433594e+00
  2.4414062e+00 2.4414062e+00]
 [2.6601562e+00 2.5078125e+00 2.5136719e+00 ... 2.4316406e+00
  2.4316406e+00 2.4296875e+00]
 [2.6621094e+00 2.5078125e+00 2.5117188e+00 ... 2.4199219e+00
  2.4199219e+00 2.4199219e+00]], intrinsics: [[320.   0. 320.]
 [  0. 320. 240.]
 [  0.   0.   1.]], pose : [[ 0.99885245 -0.04729423  0.00755265 -1.21370942]
 [ 0.04705615  0.99846875  0.02908377 -0.01743877]
 [-0.00891658 -0.028695    0.99954844  0.65177056]
 [ 0.          0.          0.          1.        ]]
Valid Points Count: 295624 / 307200
loading depth data in calc overlap for pair
inputs to project points are: depth: [[1.0232000e+04 1.0240000e+04 1.0256000e+04 ... 1.0272000e+04
  1.0256000e+04 1.0240000e+04]
 [1.0240000e+04 1.0248000e+04 1.0264000e+04 ... 1.0280000e+04
  1.0264000e+04 1.0248000e+04]
 [1.0248000e+04 1.0256000e+04 1.0272000e+04 ... 1.0288000e+04
  1.0272000e+04 1.0256000e+04]
 ...
 [2.6601562e+00 2.5097656e+00 2.5136719e+00 ... 2.4433594e+00
  2.4414062e+00 2.4414062e+00]
 [2.6601562e+00 2.5078125e+00 2.5136719e+00 ... 2.4316406e+00
  2.4316406e+00 2.4296875e+00]
 [2.6621094e+00 2.5078125e+00 2.5117188e+00 ... 2.4199219e+00
  2.4199219e+00 2.4199219e+00]], intrinsics: [[320.   0. 320.]
 [  0. 320. 240.]
 [  0.   0.   1.]], pose : [[ 0.99866089 -0.05124328  0.00711058 -1.24812785]
 [ 0.05099373  0.99819586  0.03169653 -0.02143755]
 [-0.00872198 -0.03129149  0.99947225  0.65913197]
 [ 0.          0.          0.          1.        ]]
Valid Points Count: 294830 / 307200
loading depth data in calc overlap for pair
inputs to project points are: depth: [[1.0232000e+04 1.0240000e+04 1.0256000e+04 ... 1.0272000e+04
  1.0256000e+04 1.0240000e+04]
 [1.0240000e+04 1.0248000e+04 1.0264000e+04 ... 1.0280000e+04
  1.0264000e+04 1.0248000e+04]
 [1.0248000e+04 1.0256000e+04 1.0272000e+04 ... 1.0288000e+04
  1.0272000e+04 1.0256000e+04]
 ...
 [2.6601562e+00 2.5097656e+00 2.5136719e+00 ... 2.4433594e+00
  2.4414062e+00 2.4414062e+00]
 [2.6601562e+00 2.5078125e+00 2.5136719e+00 ... 2.4316406e+00
  2.4316406e+00 2.4296875e+00]
 [2.6621094e+00 2.5078125e+00 2.5117188e+00 ... 2.4199219e+00
  2.4199219e+00 2.4199219e+00]], intrinsics: [[320.   0. 320.]
 [  0. 320. 240.]
 [  0.   0.   1.]], pose : [[ 0.9984416  -0.05544164  0.00637184 -1.27583225]
 [ 0.05519012  0.99787906  0.03451723 -0.02579673]
 [-0.00827201 -0.03411178  0.99938379  0.6639962 ]
 [ 0.          0.          0.          1.        ]]
Valid Points Count: 294008 / 307200
loading depth data in calc overlap for pair
inputs to project points are: depth: [[1.0232000e+04 1.0240000e+04 1.0256000e+04 ... 1.0272000e+04
  1.0256000e+04 1.0240000e+04]
 [1.0240000e+04 1.0248000e+04 1.0264000e+04 ... 1.0280000e+04
  1.0264000e+04 1.0248000e+04]
 [1.0248000e+04 1.0256000e+04 1.0272000e+04 ... 1.0288000e+04
  1.0272000e+04 1.0256000e+04]
 ...
 [2.6601562e+00 2.5097656e+00 2.5136719e+00 ... 2.4433594e+00
  2.4414062e+00 2.4414062e+00]
 [2.6601562e+00 2.5078125e+00 2.5136719e+00 ... 2.4316406e+00
  2.4316406e+00 2.4296875e+00]
 [2.6621094e+00 2.5078125e+00 2.5117188e+00 ... 2.4199219e+00
  2.4199219e+00 2.4199219e+00]], intrinsics: [[320.   0. 320.]
 [  0. 320. 240.]
 [  0.   0.   1.]], pose : [[ 0.9981894  -0.05991482  0.00530393 -1.2966555 ]
 [ 0.05967448  0.99751078  0.03756604 -0.03032473]
 [-0.00754149 -0.03718152  0.99928007  0.66717663]
 [ 0.          0.          0.          1.        ]]
Valid Points Count: 293285 / 307200
loading depth data in calc overlap for pair
inputs to project points are: depth: [[1.0232000e+04 1.0240000e+04 1.0256000e+04 ... 1.0272000e+04
  1.0256000e+04 1.0240000e+04]
 [1.0240000e+04 1.0248000e+04 1.0264000e+04 ... 1.0280000e+04
  1.0264000e+04 1.0248000e+04]
 [1.0248000e+04 1.0256000e+04 1.0272000e+04 ... 1.0288000e+04
  1.0272000e+04 1.0256000e+04]
 ...
 [2.6601562e+00 2.5097656e+00 2.5136719e+00 ... 2.4433594e+00
  2.4414062e+00 2.4414062e+00]
 [2.6601562e+00 2.5078125e+00 2.5136719e+00 ... 2.4316406e+00
  2.4316406e+00 2.4296875e+00]
 [2.6621094e+00 2.5078125e+00 2.5117188e+00 ... 2.4199219e+00
  2.4199219e+00 2.4199219e+00]], intrinsics: [[320.   0. 320.]
 [  0. 320. 240.]
 [  0.   0.   1.]], pose : [[ 0.99789813 -0.06468629  0.00387276 -1.31060752]
 [ 0.06447482  0.99708237  0.04086251 -0.03497942]
 [-0.0065047  -0.04052693  0.99915727  0.66863767]
 [ 0.          0.          0.          1.        ]]
Valid Points Count: 292613 / 307200
loading depth data in calc overlap for pair
inputs to project points are: depth: [[1.0232000e+04 1.0240000e+04 1.0256000e+04 ... 1.0272000e+04
  1.0256000e+04 1.0240000e+04]
 [1.0240000e+04 1.0248000e+04 1.0264000e+04 ... 1.0280000e+04
  1.0264000e+04 1.0248000e+04]
 [1.0248000e+04 1.0256000e+04 1.0272000e+04 ... 1.0288000e+04
  1.0272000e+04 1.0256000e+04]
 ...
 [2.6601562e+00 2.5097656e+00 2.5136719e+00 ... 2.4433594e+00
  2.4414062e+00 2.4414062e+00]
 [2.6601562e+00 2.5078125e+00 2.5136719e+00 ... 2.4316406e+00
  2.4316406e+00 2.4296875e+00]
 [2.6621094e+00 2.5078125e+00 2.5117188e+00 ... 2.4199219e+00
  2.4199219e+00 2.4199219e+00]], intrinsics: [[320.   0. 320.]
 [  0. 320. 240.]
 [  0.   0.   1.]], pose : [[ 0.99756023 -0.06978109  0.00204477 -1.33252228]
 [ 0.06962172  0.99658376  0.04442541 -0.04038929]
 [-0.00513784 -0.04417467  0.99901061  0.67106488]
 [ 0.          0.          0.          1.        ]]
Valid Points Count: 291741 / 307200
loading depth data in calc overlap for pair
inputs to project points are: depth: [[1.0232000e+04 1.0240000e+04 1.0256000e+04 ... 1.0272000e+04
  1.0256000e+04 1.0240000e+04]
 [1.0240000e+04 1.0248000e+04 1.0264000e+04 ... 1.0280000e+04
  1.0264000e+04 1.0248000e+04]
 [1.0248000e+04 1.0256000e+04 1.0272000e+04 ... 1.0288000e+04
  1.0272000e+04 1.0256000e+04]
 ...
 [2.6601562e+00 2.5097656e+00 2.5136719e+00 ... 2.4433594e+00
  2.4414062e+00 2.4414062e+00]
 [2.6601562e+00 2.5078125e+00 2.5136719e+00 ... 2.4316406e+00
  2.4316406e+00 2.4296875e+00]
 [2.6621094e+00 2.5078125e+00 2.5117188e+00 ... 2.4199219e+00
  2.4199219e+00 2.4199219e+00]], intrinsics: [[320.   0. 320.]
 [  0. 320. 240.]
 [  0.   0.   1.]], pose : [[ 9.97167721e-01 -7.52096609e-02 -2.08139499e-04 -1.36240952e+00]
 [ 7.51320172e-02  9.96004700e-01  4.82681741e-02 -4.66914458e-02]
 [-3.42292509e-03 -4.81471031e-02  9.98834391e-01  6.74376643e-01]
 [ 0.00000000e+00  0.00000000e+00  0.00000000e+00  1.00000000e+00]]
Valid Points Count: 290815 / 307200
loading depth data in calc overlap for pair
inputs to project points are: depth: [[1.0232000e+04 1.0240000e+04 1.0256000e+04 ... 1.0272000e+04
  1.0256000e+04 1.0240000e+04]
 [1.0240000e+04 1.0248000e+04 1.0264000e+04 ... 1.0280000e+04
  1.0264000e+04 1.0248000e+04]
 [1.0248000e+04 1.0256000e+04 1.0272000e+04 ... 1.0288000e+04
  1.0272000e+04 1.0256000e+04]
 ...
 [2.6601562e+00 2.5097656e+00 2.5136719e+00 ... 2.4433594e+00
  2.4414062e+00 2.4414062e+00]
 [2.6601562e+00 2.5078125e+00 2.5136719e+00 ... 2.4316406e+00
  2.4316406e+00 2.4296875e+00]
 [2.6621094e+00 2.5078125e+00 2.5117188e+00 ... 2.4199219e+00
  2.4199219e+00 2.4199219e+00]], intrinsics: [[320.   0. 320.]
 [  0. 320. 240.]
 [  0.   0.   1.]], pose : [[ 9.96715286e-01 -8.09341237e-02 -2.88200080e-03 -1.40034187e+00]
 [ 8.09738111e-02  9.95338631e-01  5.23856055e-02 -5.42606526e-02]
 [-1.37121634e-03 -5.24469003e-02  9.98622773e-01  6.77873183e-01]
 [ 0.00000000e+00  0.00000000e+00  0.00000000e+00  1.00000000e+00]]
Valid Points Count: 289580 / 307200
loading depth data in calc overlap for pair
inputs to project points are: depth: [[1.0232000e+04 1.0240000e+04 1.0256000e+04 ... 1.0272000e+04
  1.0256000e+04 1.0240000e+04]
 [1.0240000e+04 1.0248000e+04 1.0264000e+04 ... 1.0280000e+04
  1.0264000e+04 1.0248000e+04]
 [1.0248000e+04 1.0256000e+04 1.0272000e+04 ... 1.0288000e+04
  1.0272000e+04 1.0256000e+04]
 ...
 [2.6601562e+00 2.5097656e+00 2.5136719e+00 ... 2.4433594e+00
  2.4414062e+00 2.4414062e+00]
 [2.6601562e+00 2.5078125e+00 2.5136719e+00 ... 2.4316406e+00
  2.4316406e+00 2.4296875e+00]
 [2.6621094e+00 2.5078125e+00 2.5117188e+00 ... 2.4199219e+00
  2.4199219e+00 2.4199219e+00]], intrinsics: [[320.   0. 320.]
 [  0. 320. 240.]
 [  0.   0.   1.]], pose : [[ 9.96198799e-01 -8.69043220e-02 -5.96579480e-03 -1.44644810e+00]
 [ 8.71031096e-02  9.94580544e-01  5.67678631e-02 -6.37245297e-02]
 [ 1.00009078e-03 -5.70717164e-02  9.98369580e-01  6.80279526e-01]
 [ 0.00000000e+00  0.00000000e+00  0.00000000e+00  1.00000000e+00]]
Valid Points Count: 288093 / 307200
loading depth data in calc overlap for pair
inputs to project points are: depth: [[1.0232000e+04 1.0240000e+04 1.0256000e+04 ... 1.0272000e+04
  1.0256000e+04 1.0240000e+04]
 [1.0240000e+04 1.0248000e+04 1.0264000e+04 ... 1.0280000e+04
  1.0264000e+04 1.0248000e+04]
 [1.0248000e+04 1.0256000e+04 1.0272000e+04 ... 1.0288000e+04
  1.0272000e+04 1.0256000e+04]
 ...
 [2.6601562e+00 2.5097656e+00 2.5136719e+00 ... 2.4433594e+00
  2.4414062e+00 2.4414062e+00]
 [2.6601562e+00 2.5078125e+00 2.5136719e+00 ... 2.4316406e+00
  2.4316406e+00 2.4296875e+00]
 [2.6621094e+00 2.5078125e+00 2.5117188e+00 ... 2.4199219e+00
  2.4199219e+00 2.4199219e+00]], intrinsics: [[320.   0. 320.]
 [  0. 320. 240.]
 [  0.   0.   1.]], pose : [[ 0.99561488 -0.09306842 -0.00944839 -1.50053847]
 [ 0.09347461  0.99372627  0.06140515 -0.07458702]
 [ 0.00367423 -0.06201907  0.9980682   0.68293622]
 [ 0.          0.          0.          1.        ]]
Valid Points Count: 286456 / 307200
loading depth data in calc overlap for pair
inputs to project points are: depth: [[1.0232000e+04 1.0240000e+04 1.0256000e+04 ... 1.0272000e+04
  1.0256000e+04 1.0240000e+04]
 [1.0240000e+04 1.0248000e+04 1.0264000e+04 ... 1.0280000e+04
  1.0264000e+04 1.0248000e+04]
 [1.0248000e+04 1.0256000e+04 1.0272000e+04 ... 1.0288000e+04
  1.0272000e+04 1.0256000e+04]
 ...
 [2.6601562e+00 2.5097656e+00 2.5136719e+00 ... 2.4433594e+00
  2.4414062e+00 2.4414062e+00]
 [2.6601562e+00 2.5078125e+00 2.5136719e+00 ... 2.4316406e+00
  2.4316406e+00 2.4296875e+00]
 [2.6621094e+00 2.5078125e+00 2.5117188e+00 ... 2.4199219e+00
  2.4199219e+00 2.4199219e+00]], intrinsics: [[320.   0. 320.]
 [  0. 320. 240.]
 [  0.   0.   1.]], pose : [[ 0.99496073 -0.099377   -0.01331778 -1.56259061]
 [ 0.1000457   0.99277228  0.06628776 -0.08698775]
 [ 0.00663405 -0.0672861   0.99771167  0.68571759]
 [ 0.          0.          0.          1.        ]]
Valid Points Count: 284502 / 307200
loading depth data in calc overlap for pair
inputs to project points are: depth: [[1.0232000e+04 1.0240000e+04 1.0256000e+04 ... 1.0272000e+04
  1.0256000e+04 1.0240000e+04]
 [1.0240000e+04 1.0248000e+04 1.0264000e+04 ... 1.0280000e+04
  1.0264000e+04 1.0248000e+04]
 [1.0248000e+04 1.0256000e+04 1.0272000e+04 ... 1.0288000e+04
  1.0272000e+04 1.0256000e+04]
 ...
 [2.6601562e+00 2.5097656e+00 2.5136719e+00 ... 2.4433594e+00
  2.4414062e+00 2.4414062e+00]
 [2.6601562e+00 2.5078125e+00 2.5136719e+00 ... 2.4316406e+00
  2.4316406e+00 2.4296875e+00]
 [2.6621094e+00 2.5078125e+00 2.5117188e+00 ... 2.4199219e+00
  2.4199219e+00 2.4199219e+00]], intrinsics: [[320.   0. 320.]
 [  0. 320. 240.]
 [  0.   0.   1.]], pose : [[ 0.99423465 -0.10577832 -0.0175616  -1.63258837]
 [ 0.10677165  0.99171617  0.07140623 -0.10318452]
 [ 0.0098629  -0.07286963  0.99729271  0.6857722 ]
 [ 0.          0.          0.          1.        ]]
Valid Points Count: 281664 / 307200
loading depth data in calc overlap for pair
inputs to project points are: depth: [[1.0232000e+04 1.0240000e+04 1.0256000e+04 ... 1.0272000e+04
  1.0256000e+04 1.0240000e+04]
 [1.0240000e+04 1.0248000e+04 1.0264000e+04 ... 1.0280000e+04
  1.0264000e+04 1.0248000e+04]
 [1.0248000e+04 1.0256000e+04 1.0272000e+04 ... 1.0288000e+04
  1.0272000e+04 1.0256000e+04]
 ...
 [2.6601562e+00 2.5097656e+00 2.5136719e+00 ... 2.4433594e+00
  2.4414062e+00 2.4414062e+00]
 [2.6601562e+00 2.5078125e+00 2.5136719e+00 ... 2.4316406e+00
  2.4316406e+00 2.4296875e+00]
 [2.6621094e+00 2.5078125e+00 2.5117188e+00 ... 2.4199219e+00
  2.4199219e+00 2.4199219e+00]], intrinsics: [[320.   0. 320.]
 [  0. 320. 240.]
 [  0.   0.   1.]], pose : [[ 0.99343596 -0.11222127 -0.02216729 -1.71046485]
 [ 0.11360861  0.99055656  0.07675139 -0.12137846]
 [ 0.01334482 -0.07876599  0.99680381  0.68547645]
 [ 0.          0.          0.          1.        ]]
Valid Points Count: 278895 / 307200
loading depth data in calc overlap for pair
inputs to project points are: depth: [[1.0232000e+04 1.0240000e+04 1.0256000e+04 ... 1.0272000e+04
  1.0256000e+04 1.0240000e+04]
 [1.0240000e+04 1.0248000e+04 1.0264000e+04 ... 1.0280000e+04
  1.0264000e+04 1.0248000e+04]
 [1.0248000e+04 1.0256000e+04 1.0272000e+04 ... 1.0288000e+04
  1.0272000e+04 1.0256000e+04]
 ...
 [2.6601562e+00 2.5097656e+00 2.5136719e+00 ... 2.4433594e+00
  2.4414062e+00 2.4414062e+00]
 [2.6601562e+00 2.5078125e+00 2.5136719e+00 ... 2.4316406e+00
  2.4316406e+00 2.4296875e+00]
 [2.6621094e+00 2.5078125e+00 2.5117188e+00 ... 2.4199219e+00
  2.4199219e+00 2.4199219e+00]], intrinsics: [[320.   0. 320.]
 [  0. 320. 240.]
 [  0.   0.   1.]], pose : [[ 0.99256512 -0.11865466 -0.02712108 -1.79593386]
 [ 0.1205127   0.98929319  0.08231452 -0.14360445]
 [ 0.0170637  -0.08497096  0.9962373   0.68329821]
 [ 0.          0.          0.          1.        ]]
Valid Points Count: 275816 / 307200
loading depth data in calc overlap for pair
inputs to project points are: depth: [[1.0232000e+04 1.0240000e+04 1.0256000e+04 ... 1.0272000e+04
  1.0256000e+04 1.0240000e+04]
 [1.0240000e+04 1.0248000e+04 1.0264000e+04 ... 1.0280000e+04
  1.0264000e+04 1.0248000e+04]
 [1.0248000e+04 1.0256000e+04 1.0272000e+04 ... 1.0288000e+04
  1.0272000e+04 1.0256000e+04]
 ...
 [2.6601562e+00 2.5097656e+00 2.5136719e+00 ... 2.4433594e+00
  2.4414062e+00 2.4414062e+00]
 [2.6601562e+00 2.5078125e+00 2.5136719e+00 ... 2.4316406e+00
  2.4316406e+00 2.4296875e+00]
 [2.6621094e+00 2.5078125e+00 2.5117188e+00 ... 2.4199219e+00
  2.4199219e+00 2.4199219e+00]], intrinsics: [[320.   0. 320.]
 [  0. 320. 240.]
 [  0.   0.   1.]], pose : [[ 0.99162379 -0.12502757 -0.03240935 -1.88896644]
 [ 0.12744042  0.9879269   0.08808736 -0.16958133]
 [ 0.02100472 -0.09147978  0.99558538  0.67943449]
 [ 0.          0.          0.          1.        ]]
Valid Points Count: 273310 / 307200
loading depth data in calc overlap for pair
inputs to project points are: depth: [[1.0232000e+04 1.0240000e+04 1.0256000e+04 ... 1.0272000e+04
  1.0256000e+04 1.0240000e+04]
 [1.0240000e+04 1.0248000e+04 1.0264000e+04 ... 1.0280000e+04
  1.0264000e+04 1.0248000e+04]
 [1.0248000e+04 1.0256000e+04 1.0272000e+04 ... 1.0288000e+04
  1.0272000e+04 1.0256000e+04]
 ...
 [2.6601562e+00 2.5097656e+00 2.5136719e+00 ... 2.4433594e+00
  2.4414062e+00 2.4414062e+00]
 [2.6601562e+00 2.5078125e+00 2.5136719e+00 ... 2.4316406e+00
  2.4316406e+00 2.4296875e+00]
 [2.6621094e+00 2.5078125e+00 2.5117188e+00 ... 2.4199219e+00
  2.4199219e+00 2.4199219e+00]], intrinsics: [[320.   0. 320.]
 [  0. 320. 240.]
 [  0.   0.   1.]], pose : [[ 0.99061491 -0.131289   -0.03801717 -1.98920645]
 [ 0.13434816  0.98645977  0.09406221 -0.20031216]
 [ 0.02515307 -0.09828696  0.99484019  0.67387194]
 [ 0.          0.          0.          1.        ]]
Valid Points Count: 270723 / 307200
loading depth data in calc overlap for pair
inputs to project points are: depth: [[1.0232000e+04 1.0240000e+04 1.0256000e+04 ... 1.0272000e+04
  1.0256000e+04 1.0240000e+04]
 [1.0240000e+04 1.0248000e+04 1.0264000e+04 ... 1.0280000e+04
  1.0264000e+04 1.0248000e+04]
 [1.0248000e+04 1.0256000e+04 1.0272000e+04 ... 1.0288000e+04
  1.0272000e+04 1.0256000e+04]
 ...
 [2.6601562e+00 2.5097656e+00 2.5136719e+00 ... 2.4433594e+00
  2.4414062e+00 2.4414062e+00]
 [2.6601562e+00 2.5078125e+00 2.5136719e+00 ... 2.4316406e+00
  2.4316406e+00 2.4296875e+00]
 [2.6621094e+00 2.5078125e+00 2.5117188e+00 ... 2.4199219e+00
  2.4199219e+00 2.4199219e+00]], intrinsics: [[320.   0. 320.]
 [  0. 320. 240.]
 [  0.   0.   1.]], pose : [[ 0.98954267 -0.13738844 -0.04392866 -2.09654195]
 [ 0.14119275  0.98489499  0.10023209 -0.23594219]
 [ 0.02949439 -0.10538634  0.99399386  0.66650839]
 [ 0.          0.          0.          1.        ]]
Valid Points Count: 268155 / 307200
loading depth data in calc overlap for pair
inputs to project points are: depth: [[1.0232000e+04 1.0240000e+04 1.0256000e+04 ... 1.0272000e+04
  1.0256000e+04 1.0240000e+04]
 [1.0240000e+04 1.0248000e+04 1.0264000e+04 ... 1.0280000e+04
  1.0264000e+04 1.0248000e+04]
 [1.0248000e+04 1.0256000e+04 1.0272000e+04 ... 1.0288000e+04
  1.0272000e+04 1.0256000e+04]
 ...
